-46366
-262390
-5009567
4017361
-257398
15546576
579586
-124699
-3024201
-16609
-3327438
-19685
-8580
-14337
-321468
-5506672
55542
-50925
-22610
-393265
15796727
-19350
-8968
-701893
-2372145
-1445484
-79642
-288416
264907
-801188
-141306
-2652
758101
-110360
-572563
-527933
-10402330
-233889
52595
-939216
-153676
60960
19693381
-89584
-399697
7384495
-420346
-672546
-19240
-474528
-36250
-47204
-172491
142163
-36679
-330026
-5113880
-526996
-1853102
-307597
-1376825
-6653581
-554905
-362070
-5378115
-795179
-731897
-288409
-1500
619609
-344247
-13630
594986
-68397
-73240
-54000
-1101137
-105694
-27801
-367252
-189794
-3350593
-70150
-56152
-3382864
-525267
-207488
-30711
-4513325
-31734
-288258
-115566
-3915723
-18459
-357529
-390045
-10228
-137804
1036290
-1646734
-2803198
28913
-1281171
-2684684
-2355614
-14925
-30953
-1721384
-421853
170209
-12777
-15147
-91575
-14344
-1435856
-4275977
-4487441
-1195686
-1676018
-2188
205847
-289522
-729238
-1488637
-68532
-137161
-1215390
-2201213
-145778
-1954968
-935334
2914212
26542049
568872
-2227
-1543466
-1788081
-2758077
3016
-21783
