       584         1                    9.851                    4.739
       590         2                    3.236                    8.901
       594         3                    0.746                   11.365
       592         4                    1.945                   10.178
       588         5                    2.296                    9.827
       591         6                    1.692                   10.420
       594         7                    0.479                   11.624
       591         8                    1.968                   10.157
       589         9                    0.747                   11.362
       594        10                    1.175                   10.922
       592        11                    1.752                   10.350
       591        12                    2.146                    9.968
       579        13                    9.730                    4.872
       591        14                    1.236                   10.863
       595        15                    0.517                   11.581
       590        16                    1.572                   10.532
       589        17                    3.359                    8.751
       585        18                    3.479                    8.660
       591        19                    0.865                   11.241
       591        20                    2.185                    9.917
       594        21                    0.693                   11.405
       592        22                    0.586                   11.518
       594        23                    1.362                   10.747
       592        24                    1.642                   10.475
       593        25                    1.819                   10.301
       595        26                    1.115                   10.981
       592        27                    2.135                    9.980
       596        28                    0.142                   11.951
       593        29                    1.307                   10.793
       595        30                    1.862                   10.261
       595        31                    1.487                   10.624
       594        32                    0.822                   11.267
       593        33                    0.109                   11.982
       593        34                    1.011                   11.089
       595        35                    0.426                   11.667
       594        36                    2.321                    9.792
       595        37                    0.355                   11.745
       592        38                    1.481                   10.624
       593        39                    1.390                   10.708
       595        40                    0.157                   11.939
       589        41                    0.590                   11.513
       598        42                    0.175                   11.913
       587        43                    2.318                    9.811
       594        44                    2.825                    9.303
       586        45                   16.127                    1.955
       590        46                    1.703                   10.407
       595        47                    0.886                   11.209
       595        48                    0.271                   11.823
       593        49                    0.556                   11.538
       595        50                    0.147                   11.939
       589        51                    2.164                    9.951
       597        52                    0.961                   11.137
       594        53                    2.343                    9.761
       592        54                    1.251                   10.843
       590        55                    0.341                   11.758
       593        56                    2.101                   10.003
       593        57                    1.488                   10.608
       595        58                    0.343                   11.753
       593        59                    0.481                   11.618
       590        60                    0.911                   11.190
       592        61                    1.155                   10.948
       594        62                    0.638                   11.461
       595        63                    0.475                   11.629
       590        64                    0.922                   11.185
       591        65                    2.929                    9.198
       591        66                    0.328                   11.770
       593        67                    1.558                   10.545
       593        68                    2.339                    9.773
       595        69                    0.872                   11.223
       592        70                    1.550                   10.558
       591        71                    2.147                    9.964
       593        72                    1.286                   10.803
       590        73                    1.248                   10.851
       588        74                    2.360                    9.752
       588        75                    2.588                    9.541
       591        76                    1.207                   10.902
       596        77                    0.263                   11.833
       592        78                    1.194                   10.916
       589        79                    0.370                   11.731
       594        80                    1.574                   10.521
       591        81                    0.342                   11.755
       591        82                    0.935                   11.163
       588        83                    2.523                    9.604
       592        84                    1.901                   10.202
       593        85                    0.651                   11.453
       592        86                    1.321                   10.783
       592        87                    0.326                   11.773
       596        88                    0.202                   11.891
       590        89                    0.478                   11.628
       593        90                    1.986                   10.132
       592        91                    1.452                   10.647
       592        92                    0.614                   11.490
       590        93                    0.803                   11.299
       594        94                    0.106                   11.994
       588        95                    1.332                   10.772
       591        96                    1.370                   10.729
       587        97                    1.383                   10.724
       592        98                    1.510                   10.600
       590        99                    2.373                    9.739
       594       100                    0.551                   11.544
       590       101                    0.291                   11.801
       593       102                    0.768                   11.332
       592       103                    0.171                   11.925
       590       104                    0.754                   11.339
       593       105                    1.910                   10.189
       590       106                    1.651                   10.455
       589       107                    2.608                    9.505
       589       108                    2.167                    9.942
       594       109                    0.967                   11.131
       595       110                    0.924                   11.184
       594       111                    1.399                   10.698
       593       112                    0.675                   11.424
       589       113                    0.819                   11.284
       595       114                    1.524                   10.578
       592       115                    0.944                   11.160
       592       116                    2.235                    9.868
       594       117                    0.320                   11.778
       593       118                    1.659                   10.434
       592       119                    1.828                   10.264
       593       120                    1.809                   10.305
       587       121                    1.281                   10.826
       591       122                    1.231                   10.873
       594       123                    0.790                   11.300
       593       124                    1.422                   10.680
       591       125                    2.052                   10.056
       591       126                    0.415                   11.681
       593       127                    1.699                   10.411
       590       128                    1.019                   11.088
       592       129                    0.640                   11.454
       589       130                    1.199                   10.912
       597       131                    0.266                   11.828
       597       132                    1.836                   10.262
       591       133                    2.006                   10.102
       595       134                    1.614                   10.481
       598       135                    1.916                   10.180
       591       136                    0.593                   11.511
       597       137                    0.321                   11.776
       600       138                    0.489                   11.608
       591       139                    0.848                   11.253
       593       140                    0.438                   11.653
       592       141                    0.356                   11.742
       596       142                    0.107                   11.985
       596       143                    0.411                   11.681
       593       144                    0.458                   11.632
       593       145                    1.069                   11.026
       593       146                    1.673                   10.426
       593       147                    0.133                   11.970
       593       148                    0.207                   11.881
       591       149                    1.202                   10.904
       594       150                    0.241                   11.846
       593       151                    0.671                   11.428
       592       152                    1.089                   11.008
       592       153                    0.897                   11.199
       589       154                    0.879                   11.221
       596       155                    0.652                   11.444
       593       156                    0.721                   11.380
       593       157                    2.269                    9.834
       596       158                    1.525                   10.560
       596       159                    1.166                   10.927
       591       160                    0.442                   11.652
       595       161                    0.825                   11.267
       590       162                    0.330                   11.764
       593       163                    1.222                   10.875
       593       164                    0.970                   11.130
       592       165                    0.763                   11.338
       592       166                    1.110                   10.984
       596       167                    0.424                   11.674
       591       168                    1.151                   10.952
       596       169                    1.050                   11.053
       591       170                    0.501                   11.593
       591       171                    0.504                   11.588
       590       172                    2.701                    9.430
       595       173                    1.002                   11.089
       593       174                    0.699                   11.399
       587       175                    1.798                   10.310
       594       176                    1.130                   10.963
       592       177                    0.376                   11.717
       596       178                    1.267                   10.834
       593       179                    0.622                   11.487
       593       180                    0.594                   11.499
       592       181                    1.360                   10.748
       592       182                    0.871                   11.231
       591       183                    1.725                   10.390
       593       184                    2.389                    9.709
       590       185                    0.660                   11.433
       590       186                    1.294                   10.802
       592       187                    0.852                   11.242
       594       188                    0.388                   11.702
       593       189                    2.091                   10.011
       593       190                    0.052                   12.038
       591       191                    0.382                   11.711
       593       192                    1.054                   11.038
       593       193                    0.235                   11.856
       590       194                    0.950                   11.147
       593       195                    0.348                   11.747
       595       196                    0.305                   11.782
       593       197                    0.367                   11.733
       592       198                    0.673                   11.424
       591       199                    1.882                   10.221
       593       200                    0.452                   11.641
       590       201                    0.962                   11.136
       595       202                    0.261                   11.836
       591       203                    1.021                   11.075
       595       204                    0.947                   11.156
       589       205                    0.894                   11.208
       595       206                    0.185                   11.901
       595       207                    0.447                   11.643
       595       208                    0.213                   11.871
       592       209                    0.706                   11.383
       591       210                    2.552                    9.546
       588       211                    0.774                   11.322
       593       212                    0.727                   11.366
       590       213                    0.564                   11.536
       592       214                    3.509                    8.627
       594       215                    0.934                   11.165
       591       216                    1.729                   10.374
       592       217                    0.680                   11.408
       596       218                    0.371                   11.728
       590       219                    1.682                   10.424
       590       220                    0.396                   11.696
       588       221                    1.585                   10.518
       596       222                    1.761                   10.343
       588       223                    0.785                   11.313
       590       224                    0.973                   11.130
       595       225                    0.216                   11.870
       590       226                    1.440                   10.661
       585       227                    9.891                    4.713
       591       228                    0.195                   11.894
       590       229                    1.863                   10.246
       593       230                    0.906                   11.194
       594       231                    0.319                   11.778
       593       232                    1.031                   11.069
       594       233                    0.703                   11.396
       594       234                    0.136                   11.956
       593       235                    0.522                   11.564
       594       236                    0.204                   11.883
       593       237                    0.283                   11.808
       591       238                    2.756                    9.374
       592       239                    0.837                   11.256
       593       240                    0.174                   11.918
       596       241                    1.708                   10.392
       593       242                    0.406                   11.689
       594       243                    2.019                   10.078
       596       244                    0.058                   12.029
       593       245                    0.724                   11.377
       595       246                    0.282                   11.811
       593       247                    0.139                   11.954
       594       248                    2.226                    9.872
       592       249                    0.161                   11.929
       593       250                    1.341                   10.750
       594       251                    0.279                   11.821
       589       252                    1.145                   10.954
       593       253                    0.269                   11.827
       591       254                    1.157                   10.938
       594       255                    1.077                   11.010
       590       256                    0.576                   11.518
       592       257                    0.749                   11.341
       591       258                    1.977                   10.149
       592       259                    0.806                   11.289
       593       260                    9.572                    4.896
       595       261                    0.980                   11.110
       592       262                    0.925                   11.177
       591       263                    0.095                   12.000
       593       264                    0.251                   11.845
       591       265                    0.096                   11.997
       592       266                    0.446                   11.651
       593       267                    0.380                   11.717
       593       268                    0.683                   11.406
       592       269                    0.606                   11.497
       593       270                    0.510                   11.584
       595       271                    0.112                   11.976
       595       272                    0.987                   11.100
       592       273                    0.182                   11.913
       592       274                    1.424                   10.672
       595       275                    0.566                   11.529
       594       276                    1.034                   11.057
       590       277                    0.679                   11.421
       587       278                    9.734                    4.787
       591       279                    1.827                   10.275
       593       280                    0.084                   12.003
       592       281                    1.097                   11.001
       591       282                    0.656                   11.442
       589       283                    0.616                   11.488
       595       284                    0.299                   11.794
       592       285                    1.232                   10.866
       589       286                    1.605                   10.491
       591       287                    2.203                    9.898
       589       288                    8.978                    5.177
       593       289                    0.364                   11.734
       592       290                    0.239                   11.851
       590       291                    0.927                   11.171
       594       292                    0.549                   11.548
       591       293                    0.264                   11.831
       591       294                    1.471                   10.633
       590       295                    3.505                    8.630
       592       296                    0.077                   12.013
       595       297                    0.025                   12.060
       594       298                    0.538                   11.553
       594       299                    0.199                   11.893
       593       300                    0.766                   11.332
       594       301                    0.623                   11.461
       593       302                    2.640                    9.492
       592       303                    0.233                   11.859
       589       304                    0.230                   11.869
       590       305                    0.231                   11.863
       588       306                    1.218                   10.878
       592       307                    3.084                    9.054
       593       308                    3.046                    9.086
       594       309                    2.720                    9.412
       596       310                    2.942                    9.186
       590       311                    2.670                    9.459
       590       312                    3.241                    8.894
       595       313                    1.947                   10.177
       594       314                    2.587                    9.544
       595       315                    3.205                    8.925
       592       316                    2.500                    9.626
       588       317                    8.995                    5.158
       596       318                    3.096                    9.028
       592       319                    2.721                    9.409
       591       320                    3.168                    8.961
       593       321                    2.798                    9.327
       592       322                    3.553                    8.579
       592       323                    2.509                    9.621
       592       324                    1.957                   10.169
       594       325                    1.974                   10.153
       592       326                    2.731                    9.399
       593       327                    3.793                    8.339
       592       328                    2.780                    9.350
       588       329                   16.125                    1.967
       590       330                    2.907                    9.225
       591       331                    3.334                    8.798
       594       332                    3.135                    9.001
       593       333                    2.593                    9.535
       593       334                    3.237                    8.895
       588       335                    3.588                    8.549
       594       336                    2.633                    9.498
       591       337                   16.149                    1.941
       586       338                    8.293                    5.293
       593       339                    8.929                    5.215
       598       340                    2.435                    9.692
       588       341                    8.882                    5.254
       593       342                    2.894                    9.234
       593       343                    1.797                   10.326
       595       344                    3.156                    8.978
       591       345                   16.176                    1.914
       591       346                    8.998                    5.141
       595       347                    1.962                   10.158
       594       348                    1.786                   10.341
       588       349                    9.731                    4.872
       591       350                   16.192                    1.898
       595       351                    3.024                    9.102
       590       352                   16.140                    1.952
       589       353                    9.823                    4.752
       592       354                    3.061                    9.065
       596       355                    2.503                    9.622
       592       356                    3.089                    9.048
       595       357                    3.036                    9.095
       593       358                   16.205                    1.884
       591       359                    2.916                    9.216
       593       360                   16.236                    1.856
       595       361                    2.841                    9.285
       594       362                    2.946                    9.183
       595       363                    1.795                   10.329
       595       364                    2.832                    9.298
       594       365                    2.833                    9.296
       593       366                    2.517                    9.607
       594       367                    2.133                    9.994
       596       368                    2.848                    9.281
       596       369                    1.787                   10.337
       596       370                    2.605                    9.521
       592       371                    3.269                    8.867
       592       372                    8.895                    5.249
       594       373                   16.161                    1.927
       590       374                   16.253                    1.837
       592       375                   16.145                    1.945
       591       376                   16.259                    1.830
       596       377                    2.722                    9.401
       594       378                    3.164                    8.963
       591       379                   16.180                    1.909
       598       380                    3.803                    8.327
       590       381                   16.216                    1.873
       590       382                   16.142                    1.948
       595       383                    8.952                    5.209
       597       384                    2.050                   10.075
       596       385                    2.304                    9.821
       593       386                   16.185                    1.906
       589       387                   16.124                    1.967
       591       388                   16.170                    1.920
       595       389                    1.826                   10.300
       596       390                    2.479                    9.646
       590       391                   16.171                    1.920
       595       392                    2.693                    9.442
       598       393                    2.307                    9.814
       592       394                   16.123                    1.968
       590       395                   16.156                    1.935
       591       396                   16.209                    1.882
       594       397                    3.200                    8.926
       596       398                    2.651                    9.470
       594       399                    2.085                   10.041
       590       400                   16.173                    1.919
       590       401                   16.228                    1.862
       595       402                    3.618                    8.509
       590       403                   16.217                    1.873
       587       404                   16.203                    1.888
       590       405                   16.226                    1.865
       594       406                    2.628                    9.498
       591       407                   16.220                    1.869
       592       408                    4.116                    8.018
       592       409                   16.134                    1.953
       599       410                    3.176                    8.952
       594       411                    2.864                    9.265
       594       412                    2.908                    9.224
       596       413                    1.951                   10.170
       597       414                    2.538                    9.590
       597       415                    2.474                    9.655
       591       416                   16.144                    1.947
       597       417                    2.830                    9.301
       590       418                   16.121                    1.970
       593       419                   16.229                    1.859
       596       420                    2.442                    9.687
       594       421                    2.124                   10.002
       591       422                   16.159                    1.930
       597       423                    1.823                   10.300
       595       424                    2.595                    9.534
       597       425                    3.242                    8.887
       596       426                    3.211                    8.920
       586       427                   10.001                    4.528
       597       428                    2.427                    9.702
       591       429                   16.126                    1.965
       589       430                   16.204                    1.888
       590       431                   16.187                    1.899
       593       432                   16.227                    1.864
       596       433                    2.005                   10.118
       595       434                    2.447                    9.682
       598       435                    1.999                   10.124
       598       436                    2.684                    9.444
       590       437                   16.196                    1.895
       592       438                    8.896                    5.241
       595       439                    2.776                    9.355
       595       440                    2.703                    9.428
       596       441                    2.463                    9.660
       596       442                    2.477                    9.654
       594       443                    3.186                    8.946
       591       444                    3.957                    8.179
       592       445                   16.200                    1.892
       595       446                    2.880                    9.245
       593       447                    2.680                    9.452
       594       448                    2.638                    9.495
       595       449                    2.451                    9.674
       593       450                    2.901                    9.229
       590       451                    3.138                    8.991
       596       452                    2.090                   10.038
       596       453                    2.710                    9.423
       593       454                   16.153                    1.937
       597       455                    2.694                    9.434
       597       456                    2.432                    9.699
       590       457                   16.175                    1.916
       596       458                    2.454                    9.673
       598       459                    1.793                   10.336
       596       460                    2.545                    9.584
       597       461                    3.074                    9.058
       597       462                    3.035                    9.097
       595       463                    3.433                    8.700
       598       464                    2.989                    9.137
       597       465                    2.936                    9.190
       593       466                    2.792                    9.342
       592       467                   16.210                    1.881
       597       468                    2.870                    9.261
       595       469                    2.955                    9.177
       593       470                   16.178                    1.913
       595       471                    2.458                    9.670
       595       472                    2.082                   10.045
       591       473                   16.168                    1.923
       595       474                    2.319                    9.810
       590       475                   16.163                    1.927
       597       476                    2.793                    9.338
       597       477                    1.978                   10.145
       592       478                    3.314                    8.815
       591       479                   16.167                    1.924
       597       480                    3.247                    8.883
       596       481                    2.715                    9.416
       591       482                   16.235                    1.857
       596       483                    1.784                   10.342
       597       484                    4.339                    7.784
       598       485                    3.394                    8.729
       596       486                    3.537                    8.596
       595       487                    2.978                    9.156
       597       488                    2.849                    9.277
       592       489                   16.284                    1.805
       598       490                    2.471                    9.659
       596       491                    3.007                    9.126
       591       492                    9.136                    5.006
       594       493                    2.130                    9.997
       595       494                    2.860                    9.269
       595       495                    8.854                    5.283
       590       496                    8.013                    5.362
       596       497                    1.984                   10.142
       594       498                    2.502                    9.625
       593       499                    2.422                    9.706
       597       500                    2.532                    9.597
       594       501                    2.678                    9.456
       595       502                    2.925                    9.208
       592       503                   16.158                    1.932
       597       504                    1.948                   10.177
       594       505                    2.668                    9.464
       589       506                   16.141                    1.951
       595       507                    2.083                   10.044
       596       508                    2.645                    9.487
       596       509                    2.264                    9.863
       596       510                    2.510                    9.617
       595       511                    2.960                    9.172
       594       512                    2.428                    9.700
       595       513                    2.266                    9.861
       590       514                   16.122                    1.969
       594       515                    2.983                    9.153
       594       516                    3.032                    9.102
       595       517                    3.183                    8.951
       591       518                    9.896                    4.566
       593       519                   16.202                    1.889
       594       520                    3.392                    8.742
       595       521                    1.975                   10.151
       593       522                    3.546                    8.586
       596       523                    3.331                    8.799
       593       524                    2.921                    9.215
       597       525                    2.544                    9.588
       596       526                    2.599                    9.530
       594       527                    3.462                    8.672
       596       528                    3.017                    9.111
       596       529                    3.468                    8.664
       594       530                    3.351                    8.784
       596       531                    1.952                   10.170
       595       532                    3.220                    8.912
       596       533                    3.414                    8.721
       597       534                    3.001                    9.130
       593       535                    2.649                    9.479
       597       536                    2.492                    9.639
       591       537                   16.164                    1.925
       592       538                    7.160                    5.666
       594       539                    2.891                    9.244
       594       540                    3.310                    8.820
       591       541                   16.157                    1.935
       594       542                    3.057                    9.078
       595       543                    3.114                    9.019
       596       544                    3.526                    8.605
       594       545                    3.480                    8.655
       595       546                    2.765                    9.365
       594       547                    3.224                    8.910
       593       548                    2.779                    9.354
       595       549                    2.814                    9.315
       594       550                    3.679                    8.453
       594       551                    3.577                    8.556
       596       552                    2.081                   10.051
       595       553                    2.741                    9.387
       594       554                    3.763                    8.368
       595       555                    4.018                    8.113
       595       556                    2.547                    9.583
       593       557                    2.748                    9.385
       594       558                    2.797                    9.335
       594       559                    3.033                    9.100
       594       560                    2.543                    9.589
       597       561                    1.961                   10.168
       595       562                    3.271                    8.862
       594       563                    2.664                    9.469
       595       564                    2.529                    9.603
       594       565                    2.683                    9.447
       595       566                    2.489                    9.641
       595       567                    2.986                    9.145
       595       568                    3.255                    8.877
       596       569                    2.263                    9.866
       593       570                    3.197                    8.939
       594       571                    3.388                    8.746
       594       572                    2.859                    9.276
       594       573                    3.719                    8.416
       595       574                    2.961                    9.172
       596       575                    3.755                    8.375
       594       576                    3.077                    9.056
       597       577                    1.791                   10.336
       595       578                    2.988                    9.142
       593       579                    2.707                    9.427
       593       580                    2.809                    9.324
       594       581                    3.264                    8.869
       595       582                    2.077                   10.053
       588       583                    9.690                    4.887
       592       584                    3.442                    8.691
       596       585                    2.536                    9.593
       590       586                    7.849                    5.472
       594       587                    2.866                    9.265
       595       588                    2.975                    9.158
       594       589                    3.218                    8.912
       595       590                    2.647                    9.484
       594       591                    4.015                    8.118
       592       592                    8.920                    5.220
       595       593                    3.154                    8.981
       596       594                    3.141                    8.990
       596       595                    2.497                    9.633
       595       596                    3.106                    9.026
       593       597                    3.253                    8.880
       594       598                    2.775                    9.358
       594       599                    2.666                    9.464
       592       600                    2.761                    9.372
       595       601                    2.900                    9.233
       595       602                    2.968                    9.162
       586       603                   14.387                    2.343
       586       604                   13.942                    2.805
       586       605                   15.013                    1.972
       586       606                   14.349                    2.415
       590       607                   14.330                    2.421
       585       608                   14.215                    2.495
       584       609                   14.696                    2.091
       587       610                   14.688                    2.128
       586       611                   14.833                    2.043
       585       612                   14.862                    2.039
       587       613                   14.686                    2.129
       587       614                   14.446                    2.252
       584       615                   14.370                    2.391
       588       616                   13.968                    2.745
       588       617                   14.752                    2.064
       588       618                   14.678                    2.137
       586       619                   14.372                    2.346
       587       620                   14.745                    2.067
       584       621                   14.138                    2.609
       585       622                   14.685                    2.130
       585       623                   14.867                    2.039
       585       624                   13.886                    2.823
       587       625                   14.738                    2.087
       588       626                   14.731                    2.088
       588       627                   14.683                    2.134
       589       628                   14.005                    2.684
       584       629                   14.356                    2.407
       584       630                   14.325                    2.429
       586       631                   14.281                    2.436
       588       632                   14.595                    2.137
       588       633                   14.774                    2.044
       585       634                   14.871                    2.032
       588       635                   14.229                    2.473
       588       636                   13.953                    2.794
       588       637                   14.037                    2.634
       584       638                   14.300                    2.431
       586       639                   14.153                    2.564
       584       640                   14.594                    2.220
       587       641                   14.924                    1.975
       585       642                   14.907                    2.000
       586       643                   14.883                    2.018
       588       644                   14.770                    2.051
       588       645                   14.882                    2.021
       586       646                   14.277                    2.460
       587       647                   14.168                    2.545
       588       648                   14.690                    2.124
       590       649                   14.543                    2.221
       587       650                   10.803                    4.516
       592       651                   12.905                    2.830
       589       652                   12.372                    3.203
       594       653                   11.103                    4.242
       591       654                   11.594                    3.827
       593       655                   11.154                    4.178
       591       656                   12.181                    3.370
       595       657                   11.150                    4.219
       595       658                   11.609                    3.787
       593       659                   10.967                    4.300
       592       660                   12.764                    2.886
       592       661                   11.504                    3.917
       592       662                   10.819                    4.463
       593       663                   12.584                    3.065
       589       664                   12.660                    2.984
       593       665                   11.375                    4.071
       596       666                   12.213                    3.331
       595       667                   10.875                    4.462
       588       668                   12.171                    3.381
       595       669                   10.948                    4.359
       591       670                   11.975                    3.563
       587       671                   11.397                    4.021
       593       672                   11.627                    3.761
       594       673                   12.324                    3.232
       590       674                   12.667                    2.983
       590       675                   12.470                    3.168
       592       676                   11.955                    3.576
       592       677                   12.575                    3.072
       594       678                   10.954                    4.302
       592       679                   11.110                    4.236
       602       680                    3.517                    8.619
       590       681                   11.481                    3.969
       591       682                   12.695                    2.950
       592       683                   12.612                    3.030
       589       684                   12.681                    2.968
       592       685                   11.246                    4.105
       592       686                   12.483                    3.137
       591       687                   12.818                    2.837
       591       688                   12.112                    3.465
       593       689                   12.533                    3.117
       585       690                   12.598                    3.062
       594       691                   11.306                    4.077
       591       692                   11.695                    3.727
       587       693                   12.544                    3.095
       594       694                   12.554                    3.087
       591       695                   11.765                    3.676
       592       696                   12.257                    3.312
       598       697                    3.834                    8.306
       592       698                   10.924                    4.455
       594       699                   12.007                    3.555
       589       700                   11.525                    3.895
       595       701                   11.077                    4.260
       588       702                   12.611                    3.034
       589       703                   11.810                    3.647
       589       704                   12.637                    2.994
       595       705                   11.451                    3.989
       589       706                   12.285                    3.238
       593       707                   12.041                    3.487
       599       708                    2.785                    9.350
       590       709                   12.739                    2.923
       597       710                    2.690                    9.443
       599       711                    2.706                    9.427
       593       712                   12.558                    3.080
       593       713                   11.418                    4.019
       592       714                   11.561                    3.876
       593       715                   10.944                    4.418
       588       716                   10.983                    4.288
       590       717                   10.754                    4.525
       594       718                   11.487                    3.964
       590       719                   12.016                    3.534
       589       720                   12.115                    3.407
       590       721                   11.852                    3.587
       592       722                    7.972                    5.430
       599       723                    3.481                    8.655
       590       724                   12.064                    3.475
       590       725                   12.528                    3.127
       599       726                    2.823                    9.310
       588       727                   10.935                    4.436
       593       728                   12.459                    3.186
       599       729                    4.309                    7.828
       588       730                   11.772                    3.672
       597       731                    3.420                    8.717
       589       732                   11.197                    4.118
       592       733                   10.917                    4.459
       594       734                   12.149                    3.395
       590       735                   11.741                    3.711
       589       736                   11.293                    4.103
       597       737                    5.577                    6.595
       597       738                    5.581                    6.593
       598       739                    5.692                    6.479
       593       740                    5.983                    6.351
       598       741                    6.391                    5.876
       598       742                    4.482                    7.661
       596       743                    5.777                    6.397
       597       744                    3.700                    8.442
       596       745                    5.653                    6.494
       599       746                    3.703                    8.436
       597       747                    3.233                    8.906
       596       748                    4.765                    7.380
       597       749                    3.013                    9.125
       595       750                    4.036                    8.108
       601       751                    4.467                    7.678
       597       752                    4.717                    7.437
       597       753                    4.987                    7.174
       601       754                    3.499                    8.642
       599       755                    5.591                    6.551
       595       756                    3.732                    8.410
       597       757                    3.086                    9.052
       594       758                    3.643                    8.500
       596       759                    5.061                    7.083
       594       760                    5.181                    6.979
       597       761                    5.038                    7.112
       597       762                    2.879                    9.259
       597       763                    4.433                    7.708
       600       764                    3.617                    8.521
       599       765                    4.531                    7.609
       601       766                    5.737                    6.404
       598       767                    3.122                    9.017
       597       768                    4.156                    7.983
       599       769                    4.772                    7.367
       596       770                    5.555                    6.599
       595       771                    4.081                    8.063
       599       772                    4.107                    8.032
       597       773                    3.534                    8.604
       601       774                    4.069                    8.069
       599       775                    3.149                    8.988
       599       776                    4.534                    7.604
       598       777                    4.562                    7.575
       601       778                    3.575                    8.562
       600       779                    5.635                    6.505
       597       780                    5.968                    6.355
       599       781                    3.055                    9.083
       600       782                    4.412                    7.727
       602       783                    3.866                    8.271
       597       784                    4.544                    7.600
       598       785                    4.898                    7.242
       600       786                    4.804                    7.335
       600       787                    4.490                    7.656
       600       788                    3.776                    8.362
       598       789                    3.792                    8.348
       601       790                    3.590                    8.548
       601       791                    3.688                    8.450
       599       792                    3.124                    9.014
       600       793                    3.544                    8.595
       599       794                    4.220                    7.917
       598       795                    3.651                    8.486
       598       796                    3.073                    9.065
       600       797                    3.194                    8.943
       597       798                    4.397                    7.741
       599       799                    4.136                    8.002
       600       800                    4.942                    7.195
       601       801                    3.886                    8.251
       601       802                    4.164                    7.975
       600       803                    4.328                    7.811
       598       804                    4.356                    7.782
       601       805                    4.208                    7.930
       599       806                    3.060                    9.078
       594       807                    4.055                    8.085
       597       808                    3.689                    8.449
       600       809                    3.286                    8.851
       600       810                    3.501                    8.636
       598       811                    3.815                    8.322
       600       812                    3.637                    8.502
       598       813                    4.114                    8.028
       600       814                    3.686                    8.453
       600       815                    3.127                    9.010
       600       816                    3.263                    8.874
       598       817                    3.159                    8.978
       600       818                    2.924                    9.213
       599       819                    4.324                    7.814
       600       820                    3.411                    8.727
       600       821                    3.666                    8.471
       599       822                    3.865                    8.272
       599       823                    3.892                    8.246
       599       824                    3.977                    8.161
       600       825                    3.724                    8.413
       600       826                    4.179                    7.958
       601       827                    3.228                    8.909
       599       828                    4.615                    7.523
       597       829                    3.329                    8.808
       598       830                    2.790                    9.348
       599       831                    3.090                    9.047
       600       832                    3.816                    8.321
       599       833                    2.791                    9.347
       600       834                    4.629                    7.508
       600       835                    4.408                    7.731
       600       836                    3.422                    8.716
       600       837                    2.984                    9.153
       600       838                    4.049                    8.088
       599       839                    3.195                    8.942
       598       840                    3.347                    8.791
       599       841                    3.891                    8.246
       598       842                    3.439                    8.698
       598       843                    2.754                    9.383
       595       844                    4.504                    7.638
       599       845                    3.812                    8.326
       598       846                    3.304                    8.833
       599       847                    3.712                    8.425
       602       848                    3.831                    8.306
       596       849                    7.332                    5.568
       599       850                    3.262                    8.876
       598       851                    4.188                    7.950
       600       852                    3.523                    8.614
       599       853                    2.753                    9.384
       597       854                    6.514                    5.756
       600       855                    4.139                    7.998
       599       856                    4.026                    8.111
       601       857                    3.660                    8.477
       599       858                    3.615                    8.522
       599       859                    4.475                    7.662
       598       860                    3.125                    9.013
       600       861                    4.274                    7.865
       599       862                    4.963                    7.174
       600       863                    5.503                    6.646
       597       864                    3.835                    8.305
       598       865                    3.954                    8.183
       596       866                    5.984                    6.307
       597       867                    4.645                    7.493
       600       868                    4.060                    8.079
       600       869                    3.740                    8.398
       602       870                    3.279                    8.858
       597       871                    4.213                    7.926
       599       872                    5.280                    6.887
       598       873                    4.092                    8.047
       602       874                    4.331                    7.806
       600       875                    3.607                    8.530
       598       876                    2.740                    9.397
       598       877                    6.439                    5.815
       598       878                    3.412                    8.726
       602       879                    4.233                    7.904
       600       880                    3.663                    8.474
       598       881                    3.425                    8.713
       600       882                    4.258                    7.879
       600       883                    3.674                    8.463
       599       884                    5.867                    6.373
       600       885                    3.753                    8.385
       600       886                    3.737                    8.401
       600       887                    3.711                    8.426
       599       888                    2.982                    9.156
       600       889                    4.429                    7.708
       599       890                    3.408                    8.729
       599       891                    4.840                    7.309
       599       892                    3.963                    8.175
       599       893                    2.738                    9.399
       600       894                    4.736                    7.403
       600       895                    4.603                    7.534
       600       896                    4.028                    8.109
       598       897                    3.452                    8.686
       601       898                    3.693                    8.445
       599       899                    3.148                    8.990
       599       900                    3.609                    8.528
       599       901                    3.560                    8.577
       602       902                    4.199                    7.938
       599       903                    3.786                    8.351
       597       904                    4.289                    7.859
       599       905                    3.738                    8.399
       600       906                    5.408                    6.730
       598       907                    3.494                    8.643
       600       908                    3.234                    8.903
       599       909                    3.196                    8.942
       600       910                    3.112                    9.025
       599       911                    3.356                    8.781
       597       912                    3.326                    8.812
       599       913                    3.305                    8.832
       601       914                    4.272                    7.865
       599       915                    3.820                    8.317
       601       916                    3.447                    8.690
       598       917                    3.296                    8.842
       598       918                    5.130                    7.019
       599       919                    3.801                    8.336
       600       920                    4.187                    7.950
       597       921                    3.690                    8.447
       600       922                    2.772                    9.365
       602       923                    3.911                    8.227
       601       924                    3.584                    8.553
       598       925                    3.898                    8.240
       600       926                    3.645                    8.493
       599       927                    2.876                    9.261
       600       928                    4.110                    8.028
       599       929                    4.650                    7.487
       600       930                    3.611                    8.526
       598       931                    3.134                    9.003
       601       932                    3.942                    8.196
       599       933                    4.749                    7.388
       599       934                    4.568                    7.571
       600       935                    4.388                    7.750
       598       936                    3.565                    8.572
       599       937                    4.577                    7.561
       599       938                    2.922                    9.215
       596       939                    5.211                    6.956
       598       940                    3.961                    8.176
       601       941                    3.669                    8.468
       600       942                    4.596                    7.554
       598       943                    5.787                    6.375
       599       944                    4.521                    7.617
       598       945                    4.528                    7.610
       599       946                    3.713                    8.425
       598       947                    3.532                    8.605
       599       948                    3.520                    8.617
       599       949                    3.701                    8.436
       599       950                    4.169                    7.968
       600       951                    3.300                    8.838
       599       952                    4.037                    8.100
       602       953                    3.572                    8.565
       598       954                    3.450                    8.688
       598       955                    2.773                    9.364
       600       956                    3.163                    8.974
       599       957                    4.422                    7.715
       600       958                    3.635                    8.502
       599       959                    3.095                    9.042
       598       960                    3.285                    8.852
       600       961                    3.936                    8.201
       600       962                    5.217                    6.933
       598       963                    5.035                    7.129
       599       964                    3.847                    8.291
       601       965                    4.924                    7.213
       601       966                    4.665                    7.484
       602       967                    4.554                    7.583
       598       968                    3.432                    8.705
       600       969                    3.261                    8.876
       599       970                    3.451                    8.686
       597       971                    2.914                    9.223
       600       972                    3.873                    8.264
       598       973                    3.489                    8.648
       599       974                    3.120                    9.018
       598       975                    3.774                    8.364
       600       976                    2.923                    9.214
       600       977                    3.129                    9.008
       600       978                    3.137                    9.001
       598       979                    5.520                    6.629
       600       980                    4.045                    8.092
       597       981                    5.301                    6.874
       600       982                    3.858                    8.279
       598       983                    5.085                    7.063
       600       984                    3.633                    8.505
       601       985                    2.752                    9.385
       601       986                    4.301                    7.837
       599       987                    4.373                    7.765
       596       988                    4.135                    8.002
       600       989                    3.569                    8.568
       602       990                    3.276                    8.861
       600       991                    6.156                    6.004
       601       992                    3.975                    8.162
       598       993                    3.289                    8.848
       600       994                    4.932                    7.205
       598       995                    3.925                    8.212
       599       996                    3.691                    8.446
       598       997                    3.423                    8.714
       599       998                    4.131                    8.006
       598       999                    3.941                    8.196
       599      1000                    4.788                    7.364
       598      1001                    3.999                    8.150
       598      1002                    3.094                    9.043
       600      1003                    3.920                    8.217
       601      1004                    3.298                    8.839
       598      1005                    4.468                    7.669
       599      1006                    3.418                    8.719
       599      1007                    4.699                    7.438
       600      1008                    3.054                    9.083
       601      1009                    4.109                    8.028
       600      1010                    4.427                    7.710
       598      1011                    3.545                    8.593
       600      1012                    3.131                    9.006
       599      1013                    4.236                    7.901
       599      1014                    4.299                    7.838
       602      1015                    3.330                    8.807
       601      1016                    6.357                    5.895
       602      1017                    4.741                    7.396
       599      1018                    3.297                    8.840
       602      1019                    3.840                    8.298
       599      1020                    3.799                    8.338
       599      1021                    3.614                    8.524
       601      1022                    4.248                    7.890
       600      1023                    3.303                    8.835
       601      1024                    3.044                    9.093
       599      1025                    4.275                    7.862
       600      1026                    3.150                    8.987
       600      1027                    5.312                    6.852
       599      1028                    3.085                    9.052
       600      1029                    3.344                    8.793
       601      1030                    3.558                    8.579
       601      1031                    3.997                    8.152
       599      1032                    3.281                    8.856
       602      1033                    3.826                    8.311
       600      1034                    4.323                    7.828
       600      1035                    4.648                    7.490
       598      1036                    3.706                    8.431
       600      1037                    3.846                    8.291
       601      1038                    3.302                    8.835
       601      1039                    3.521                    8.616
       602      1040                    3.802                    8.336
       601      1041                    3.576                    8.561
       601      1042                    4.384                    7.753
       602      1043                    3.343                    8.794
       599      1044                    3.350                    8.788
       600      1045                    3.161                    8.976
       600      1046                    3.943                    8.195
       600      1047                    4.153                    7.984
       601      1048                    4.668                    7.469
       601      1049                    3.775                    8.362
       602      1050                    3.000                    9.137
       602      1051                    4.387                    7.750
       599      1052                    3.950                    8.187
       600      1053                    4.474                    7.664
       602      1054                    4.146                    7.991
       601      1055                    3.567                    8.570
       598      1056                    4.090                    8.060
       601      1057                    3.495                    8.643
       599      1058                    3.437                    8.700
       600      1059                    4.365                    7.772
       601      1060                    4.938                    7.200
       599      1061                    5.258                    6.905
       600      1062                    3.670                    8.468
       601      1063                    4.215                    7.922
       600      1064                    3.504                    8.633
       602      1065                    3.659                    8.478
       600      1066                    3.884                    8.253
       600      1067                    3.227                    8.910
       600      1068                    4.884                    7.254
       599      1069                    6.024                    6.290
       600      1070                    3.136                    9.001
       600      1071                    3.093                    9.044
       600      1072                    6.040                    6.204
       601      1073                    3.985                    8.152
       602      1074                    4.291                    7.846
       600      1075                    4.445                    7.693
       601      1076                    3.964                    8.173
       598      1077                    3.597                    8.540
       600      1078                    4.142                    7.995
       601      1079                    3.655                    8.482
       598      1080                    6.765                    5.726
       601      1081                    3.284                    8.853
       601      1082                    4.409                    7.729
       602      1083                    3.493                    8.645
       601      1084                    3.288                    8.850
       601      1085                    3.307                    8.831
       601      1086                    3.486                    8.652
       600      1087                    3.586                    8.551
       599      1088                    5.125                    7.038
       602      1089                    4.000                    8.137
       602      1090                    3.536                    8.601
       600      1091                    3.082                    9.056
       601      1092                    4.393                    7.744
       601      1093                    3.662                    8.475
       601      1094                    4.003                    8.134
       601      1095                    3.872                    8.265
       602      1096                    3.704                    8.434
       601      1097                    3.275                    8.862
       600      1098                    3.354                    8.784
       600      1099                    3.907                    8.231
       599      1100                    3.119                    9.019
       601      1101                    3.773                    8.364
       601      1102                    3.456                    8.681
       600      1103                    3.923                    8.215
       600      1104                    4.950                    7.187
       600      1105                    6.350                    5.906
       600      1106                    4.355                    7.782
       601      1107                    4.330                    7.808
       599      1108                    3.784                    8.353
       600      1109                    6.071                    6.089
       601      1110                    3.934                    8.203
       600      1111                    6.035                    6.217
       601      1112                    3.744                    8.394
       598      1113                    3.980                    8.157
       600      1114                    4.613                    7.524
       600      1115                    4.176                    7.962
       602      1116                    3.308                    8.830
       600      1117                    3.857                    8.280
       599      1118                    3.727                    8.410
       599      1119                    5.024                    7.133
       600      1120                    2.774                    9.363
       601      1121                    3.721                    8.416
       601      1122                    4.954                    7.183
       600      1123                    3.692                    8.446
       602      1124                    4.336                    7.801
       600      1125                    5.392                    6.745
       601      1126                    4.047                    8.090
       601      1127                    4.251                    7.887
       601      1128                    2.787                    9.350
       601      1129                    4.377                    7.760
       600      1130                    3.644                    8.493
       601      1131                    3.514                    8.623
       600      1132                    3.132                    9.006
       600      1133                    4.061                    8.077
       599      1134                    5.191                    6.958
       600      1135                    3.045                    9.092
       601      1136                    3.488                    8.650
       601      1137                    3.342                    8.795
       599      1138                    2.915                    9.222
       601      1139                    3.429                    8.708
       600      1140                    3.294                    8.843
       600      1141                    3.856                    8.281
       600      1142                    3.123                    9.014
       600      1143                    4.129                    8.008
       602      1144                    2.981                    9.156
       601      1145                    3.113                    9.025
       598      1146                    3.871                    8.266
       600      1147                    5.149                    6.988
       600      1148                    2.967                    9.170
       599      1149                    3.081                    9.056
       598      1150                    4.834                    7.316
       596      1151                    7.410                    5.493
       600      1152                    2.789                    9.348
       600      1153                    3.677                    8.460
       600      1154                    4.303                    7.835
       600      1155                    3.430                    8.708
       600      1156                    5.010                    7.154
       601      1157                    3.955                    8.182
       601      1158                    3.715                    8.422
       601      1159                    4.581                    7.556
       600      1160                    4.239                    7.898
       601      1161                    2.755                    9.383
       602      1162                    4.367                    7.770
       600      1163                    5.343                    6.794
       601      1164                    5.315                    6.822
       599      1165                    3.705                    8.432
       600      1166                    3.056                    9.081
       602      1167                    4.628                    7.509
       600      1168                    4.217                    7.921
       599      1169                    4.597                    7.553
       601      1170                    5.089                    7.048
       600      1171                    5.462                    6.705
       601      1172                    3.340                    8.797
       599      1173                    4.883                    7.278
       601      1174                    3.608                    8.529
       599      1175                    4.466                    7.683
       600      1176                    3.581                    8.556
       600      1177                    3.292                    8.846
       599      1178                    2.893                    9.244
