       351         1                   97.314                   23.224
       347         2                   94.381                   23.373
       339         3                  108.625                   23.059
       522         4                   14.541                   30.687
       533        19                   10.728                   34.303
       520        26                   18.024                   27.618
       521        31                   17.855                   27.804
       527        37                    9.273                   35.780
       516        40                   21.552                   25.104
       532        45                    2.659                   42.303
       534        46                    3.381                   41.605
       527        70                    8.179                   36.863
       524        73                   15.242                   30.037
       509        92                   23.166                   24.205
       527       122                   14.547                   30.511
       525       127                   14.201                   31.039
       530       136                    8.950                   36.126
       527       154                   12.674                   32.386
       532       163                    2.954                   42.019
       524       178                   11.288                   33.783
       520       202                   20.288                   25.357
       533       211                    3.775                   41.219
       529       215                    4.182                   40.800
       532       225                    3.560                   41.422
       531       233                    4.962                   40.033
       530       238                    8.120                   36.879
       528       242                    6.185                   38.812
       521       245                   14.300                   30.963
       528       248                    5.258                   39.758
       532       250                    7.162                   37.885
       531       261                   12.167                   32.888
       525       279                    2.412                   42.610
       526       281                    3.853                   41.141
       524       297                   11.908                   33.164
       527       298                    8.678                   36.355
       525       299                    9.303                   35.757
       527       300                   12.314                   32.782
       522       301                   17.498                   27.880
       526       302                    4.486                   40.483
       525       303                    7.641                   37.386
       522       304                   16.875                   28.385
       521       305                   13.385                   31.732
       525       306                    8.701                   36.324
       523       307                    9.376                   35.685
       532       308                    2.917                   42.086
       534       309                    5.726                   39.234
       530       310                    2.216                   42.782
       527       311                    5.647                   39.391
       529       312                    2.808                   42.145
       523       313                   16.752                   28.533
       523       314                   10.920                   34.152
       527       315                    5.056                   39.938
       526       316                    9.560                   35.478
       524       317                   15.920                   29.257
       524       318                   18.143                   27.324
       529       319                    5.579                   39.397
       527       320                    9.279                   35.774
       526       321                    2.886                   42.117
       527       322                    4.249                   40.755
       528       323                    2.391                   42.625
       527       324                    7.719                   37.313
       528       325                    5.386                   39.600
       529       326                    3.419                   41.540
       529       327                   14.431                   30.869
       530       328                    2.622                   42.349
       528       330                    6.676                   38.337
       531       331                    8.020                   36.947
       528       332                   13.091                   31.917
       528       333                    5.366                   39.614
       531       334                    5.563                   39.458
       529       335                    6.363                   38.642
       530       336                    8.804                   36.160
       531       337                    8.426                   36.563
       530       338                    4.256                   40.728
       530       339                    4.630                   40.338
       528       340                    5.820                   39.152
       531       341                    2.703                   42.266
       520       342                   21.521                   25.167
       527       343                    2.394                   42.625
       532       344                   10.253                   34.738
       531       345                    3.702                   41.257
       529       346                    5.225                   39.763
       533       347                    1.405                   43.532
       529       348                    3.548                   41.423
       522       349                   14.939                   30.340
       532       351                    4.833                   40.122
       524       352                   12.580                   32.518
       530       353                    1.492                   43.483
       531       354                    7.477                   37.531
       525       355                    2.402                   42.610
       527       356                    6.971                   38.058
       532       357                    2.810                   42.144
       532       358                   11.731                   33.235
       531       359                   11.389                   33.568
       528       360                    4.488                   40.483
       532       361                    7.017                   37.949
       528       363                    7.882                   37.126
       529       364                    6.335                   38.645
       528       365                   10.048                   34.949
       529       366                   13.417                   31.687
       527       367                    5.652                   39.346
       527       368                   14.510                   30.781
       531       369                    9.727                   35.229
       532       370                    2.292                   42.680
       527       371                   10.955                   34.117
       528       372                    5.323                   39.656
       534       373                    0.792                   44.146
       529       374                    5.479                   39.496
       531       375                    1.751                   43.197
       530       376                   10.192                   34.870
       531       377                    1.510                   43.470
       528       378                    7.784                   37.203
       531       379                    6.789                   38.200
       527       380                   10.451                   34.630
       526       381                   16.678                   28.651
       532       382                    4.556                   40.409
       525       383                   13.970                   31.263
       528       384                    4.986                   39.984
       530       385                    2.651                   42.314
       530       386                   12.315                   32.663
       535       387                    3.951                   40.977
       528       388                    3.350                   41.663
       530       389                    6.790                   38.196
       528       391                   11.009                   34.076
       531       392                    5.263                   39.703
       528       393                   12.548                   32.551
       529       394                    6.677                   38.293
       523       395                   15.288                   29.906
       530       396                    3.396                   41.585
       531       397                    5.438                   39.564
       529       398                    8.155                   36.868
       529       399                    2.189                   42.806
       526       400                    5.415                   39.576
       532       401                    4.422                   40.538
       530       402                   10.597                   34.423
       529       403                    6.635                   38.367
       526       404                   14.968                   30.241
       532       405                    7.347                   37.629
       530       406                    6.213                   38.800
       532       407                    6.695                   38.252
       530       408                    3.623                   41.352
       530       409                    3.839                   41.141
       529       410                    2.796                   42.204
       526       411                   14.505                   30.819
       530       413                    2.544                   42.438
       528       414                    5.099                   39.884
       530       415                    1.493                   43.479
       533       416                    3.427                   41.522
       528       417                    4.298                   40.700
       531       418                    3.648                   41.329
       532       419                    9.080                   35.906
       529       420                   11.967                   33.015
       529       421                    9.062                   35.908
       528       422                    3.356                   41.634
       530       423                    3.084                   41.870
       529       424                    2.851                   42.130
       526       425                    7.194                   37.845
       526       426                    2.765                   42.247
       527       427                    7.734                   37.287
       495       428                   29.472                   23.824
       530       429                    4.687                   40.305
       530       430                    9.958                   35.104
       529       431                    2.800                   42.196
       517       432                   22.270                   24.332
       525       433                    9.460                   35.592
       527       434                    9.577                   35.476
       520       435                   17.577                   27.864
       528       436                    8.969                   36.083
       526       437                    9.319                   35.705
       529       438                    4.935                   40.046
       527       440                    3.615                   41.373
       525       441                   11.523                   33.545
       529       442                   10.216                   34.845
       526       443                   13.991                   31.192
       530       444                    4.671                   40.314
       529       445                   12.141                   32.921
       531       446                   12.097                   32.954
       533       447                    5.166                   39.793
       524       448                   13.511                   31.592
       524       449                   14.437                   30.844
       528       450                    5.473                   39.542
       528       451                    9.990                   35.023
       531       452                    2.553                   42.401
       529       453                    6.466                   38.507
       528       454                    8.389                   36.611
       531       455                    9.813                   35.183
       530       456                    1.973                   42.987
       531       457                    5.208                   39.772
       529       458                    5.046                   39.949
       531       459                    5.679                   39.270
       533       460                    0.247                   44.686
       509       461                   25.843                   23.877
       528       462                   14.313                   30.878
       526       463                   10.682                   34.331
       529       464                    9.670                   35.377
       530       465                    3.921                   41.060
       527       466                    8.329                   36.729
       523       467                   18.103                   27.510
       528       468                   13.029                   32.031
       527       469                   14.868                   30.402
       521       470                   18.621                   27.006
       529       471                    3.225                   41.809
       529       472                    4.574                   40.388
       528       473                   11.213                   33.818
       529       474                   11.383                   33.737
       529       475                    3.239                   41.789
       532       476                    7.507                   37.459
       525       477                   15.438                   29.717
       526       478                   12.514                   32.605
       527       479                   16.253                   28.806
       531       480                    2.605                   42.370
       522       481                   18.874                   26.715
       530       482                    9.060                   35.964
       533       483                    1.744                   43.202
       529       484                    5.749                   39.212
       530       485                    5.968                   39.009
       528       486                    9.007                   35.978
       530       487                   11.431                   33.565
       527       488                    8.503                   36.497
       529       489                    6.551                   38.448
       529       490                    9.334                   35.685
       525       491                    8.245                   36.808
       532       492                    4.360                   40.586
       531       493                    4.216                   40.769
       528       494                   10.362                   34.657
       527       495                    7.009                   37.985
       527       496                    6.320                   38.698
       529       497                    3.789                   41.171
       531       498                   10.965                   34.081
       530       499                    3.424                   41.533
       525       500                   15.430                   29.849
       514       501                   21.722                   24.770
       529       502                    6.046                   38.923
       528       503                    3.596                   41.395
       525       504                    7.441                   37.587
       528       505                   12.582                   32.472
       531       506                    4.822                   40.133
       531       507                    2.248                   42.722
       527       508                   15.591                   29.715
       527       509                    3.152                   41.848
       528       510                   14.817                   30.464
       527       511                    7.982                   37.017
       529       512                    4.788                   40.175
       530       513                    4.537                   40.440
       531       514                   11.672                   33.325
       529       515                    9.906                   35.116
       531       516                    0.663                   44.277
       529       517                    4.391                   40.578
       531       518                    2.465                   42.492
       526       519                   17.884                   27.727
       527       520                   10.754                   34.260
       525       521                   15.044                   30.138
       531       522                    4.317                   40.643
       530       523                    8.441                   36.551
       531       524                   11.020                   33.931
       527       525                   20.079                   25.528
       529       526                    3.252                   41.733
       519       527                   17.376                   28.159
       533       528                    4.256                   40.723
       517       529                   21.921                   24.764
       529       530                    5.859                   39.139
       531       531                    1.766                   43.183
       533       532                    1.862                   43.082
       531       533                    9.703                   35.355
       532       534                    9.107                   35.857
       528       535                   13.166                   31.891
       529       536                    8.573                   36.414
       531       537                    2.983                   41.980
       532       538                    7.228                   37.721
       529       539                    6.022                   38.977
       528       540                    8.847                   36.138
       529       541                    4.759                   40.232
       531       542                   11.528                   33.544
       531       543                    7.401                   37.607
       531       544                    4.355                   40.587
       529       545                    5.832                   39.148
       521       546                   17.975                   27.682
       529       547                    4.133                   40.855
       530       548                    5.939                   39.035
       530       549                    6.109                   38.865
       524       550                   18.330                   27.293
       533       551                    0.931                   44.006
       521       552                   19.549                   26.035
       532       553                    3.301                   41.665
       525       554                   14.962                   30.334
       526       555                   14.221                   31.013
       529       556                    6.231                   38.735
       528       557                    6.167                   38.843
       528       558                    6.369                   38.630
       527       559                    3.686                   41.292
       524       560                   13.347                   31.823
       530       561                    3.008                   41.951
       520       562                   19.610                   25.967
       530       563                    7.469                   37.538
       527       564                    6.784                   38.204
       530       565                    6.594                   38.412
       529       566                    4.586                   40.387
       529       567                    2.308                   42.641
       526       568                    7.215                   37.757
       525       569                   14.437                   30.863
       528       570                   10.964                   34.116
       527       571                   16.190                   29.187
       528       572                    4.352                   40.625
       530       573                    7.315                   37.645
       528       574                   10.672                   34.365
       513       575                   25.018                   23.880
       529       576                    5.863                   39.138
       530       577                    4.953                   40.035
       524       579                   18.375                   27.036
       531       580                    7.756                   37.211
       529       581                    1.633                   43.339
       530       582                   10.243                   34.739
       526       583                   12.429                   32.612
       531       585                    2.423                   42.531
       531       586                    2.423                   42.569
       528       587                   15.719                   29.576
       525       588                   10.587                   34.496
       529       589                    7.459                   37.554
       526       590                    9.400                   35.592
       530       591                    8.251                   36.776
       527       593                    6.674                   38.365
       530       594                    1.214                   43.744
       530       595                    4.313                   40.660
       530       596                    4.137                   40.821
       529       597                    7.212                   37.825
       515       598                   17.970                   27.684
       526       599                    7.484                   37.530
       524       600                   17.764                   27.856
       528       601                    8.329                   36.626
       530       602                   10.105                   34.896
       531       603                    4.034                   40.931
       529       604                    3.504                   41.461
       530       605                    3.730                   41.230
       530       606                    9.870                   35.136
       527       607                    7.839                   37.168
       523       608                   18.366                   27.140
       531       609                    2.102                   42.862
       529       610                    4.346                   40.643
       533       611                    1.729                   43.207
       528       612                   11.956                   33.144
       530       613                    5.259                   39.705
       532       614                    4.038                   40.898
       531       615                    5.793                   39.165
       528       616                    4.876                   40.121
       529       617                    2.087                   42.888
       530       618                    2.483                   42.467
       528       619                    3.418                   41.543
       530       620                   10.283                   34.705
       531       621                    8.733                   36.254
       526       622                   13.817                   31.332
       531       623                    2.919                   42.057
       531       624                    0.790                   44.149
       531       625                    9.483                   35.560
       520       626                   23.020                   24.254
       530       627                    1.472                   43.500
       529       628                    3.153                   41.811
       529       629                    2.599                   42.392
       531       630                    2.465                   42.482
       523       631                   19.266                   26.186
       517       632                   24.409                   23.934
       532       633                    1.487                   43.487
       531       634                    3.049                   41.921
       526       635                    9.318                   35.726
       528       636                    3.229                   41.808
       528       637                    4.305                   40.689
       527       638                    6.019                   38.984
       530       639                    5.716                   39.251
       531       640                    8.291                   36.756
       530       641                    7.244                   37.709
       528       642                   10.518                   34.528
       532       643                    4.913                   40.072
       533       644                    1.915                   43.016
       506       645                   28.002                   23.872
       529       646                    6.815                   38.183
       527       647                    5.548                   39.461
       522       648                   18.987                   26.452
       526       649                    4.472                   40.530
       527       650                    8.711                   36.311
       529       651                    2.108                   42.836
       516       652                   23.346                   24.035
       532       653                    0.913                   44.020
       531       654                    7.080                   37.900
       517       655                   20.841                   25.215
       532       656                    1.810                   43.127
       521       657                   20.010                   25.783
       528       658                    4.266                   40.708
       527       659                   10.541                   34.526
       513       660                   23.056                   24.252
       527       661                   10.803                   34.195
       531       662                    1.809                   43.130
       532       663                    6.857                   38.088
       525       664                   17.058                   28.217
       527       665                   10.576                   34.521
       517       668                   18.981                   26.669
       523       669                   15.654                   29.692
       527       671                    2.074                   42.984
       533       672                    0.244                   44.686
       526       673                    6.614                   38.383
       524       674                   12.782                   32.384
       528       675                    2.769                   42.217
       529       676                    4.725                   40.289
       528       677                    1.511                   43.467
       526       678                   15.613                   29.693
       515       679                   21.587                   25.094
       525       680                   11.575                   33.531
       529       681                    5.101                   39.851
       524       682                   15.279                   29.954
       528       683                    1.489                   43.484
       531       685                    5.107                   39.848
       529       686                    5.184                   39.775
       528       687                    4.932                   40.064
       531       688                    4.238                   40.767
       528       689                    7.145                   37.888
       528       690                    7.975                   37.035
       529       691                    5.574                   39.408
       528       692                    9.386                   35.621
       526       693                    6.578                   38.435
       530       694                    5.863                   39.083
       526       695                    9.324                   35.703
       528       696                   13.553                   31.461
       523       697                   15.800                   29.566
       525       698                    8.210                   36.817
       528       699                    6.420                   38.587
       528       700                    4.515                   40.454
       528       701                    2.308                   42.673
       527       702                    7.596                   37.393
       529       703                    1.361                   43.664
       527       704                    8.109                   36.915
       528       705                    5.016                   39.950
       528       706                    6.607                   38.387
       526       707                    9.265                   35.792
       526       708                   11.142                   33.888
       523       709                   13.455                   31.685
       526       710                    7.651                   37.316
       528       711                    3.368                   41.624
       527       712                    5.006                   39.965
       529       713                    1.363                   43.604
       526       714                    7.946                   37.096
       527       715                   12.622                   32.429
       527       716                    2.548                   42.433
       525       717                    9.727                   35.341
       527       718                    9.972                   35.064
       523       719                   17.909                   27.698
       530       720                    7.534                   37.402
       528       721                    7.403                   37.602
       521       722                   16.107                   29.210
       529       723                    5.906                   39.045
       521       724                   19.574                   26.023
       522       726                   14.157                   31.184
       530       727                    0.936                   44.006
       530       728                    5.270                   39.679
       529       729                    1.654                   43.331
       524       730                   13.393                   31.708
       523       731                   17.463                   28.047
       528       733                    4.082                   40.876
       531       734                    1.072                   43.862
       526       735                   12.828                   32.220
       531       736                    0.804                   44.134
       530       737                    7.441                   37.565
  -1  -1  -1  -1
