0
0
0
269082.3532
0
913531.4091
95999.94286
0
0
0
0
0
0
0
0
0
463052.2572
0
0
0
785866.188
0
0
0
0
0
0
0
12655.14775
0
0
36977.76965
1308708.865
0
0
0
0
0
28383.55624
0
0
37975.66478
4515712.11
0
0
7589904.944
0
0
0
0
0
0
0
224342.1241
0
0
0
0
0
0
0
0
0
0
0
0
0
0
0
111735.3946
0
0
33840.59107
0
0
0
0
0
0
0
0
0
104244.4974
0
0
0
0
0
0
0
0
0
0
0
0
0
0
0
26673.06917
0
0
1483446.792
0
486937.0522
12638623.25
0
0
0
0
44922.93469
0
88190.78064
0
0
0
0
0
0
0
0
277504.7
0
0
0
0
0
0
0
0
849103.929
0
3475106.855
55426.62188
119672.4808
0
0
0
0
115.3333141
0
