-46366
-262390
-5009567
4017361
-257398
15546576
579586
-124699
-3024201
-16609
-3327438
-19685
-8580
-14337
-321468
-5506672
1978601
-50925
-22610
-393265
15796727
-19350
-8968
-701893
-2372145
-1445484
-79642
-288416
264907
-801188
-141306
14029
297524
-110360
-572563
-527933
-10402330
-233889
-91174
-939216
-153676
-135933
19693381
-89584
-399697
7384495
-420346
-672546
-19240
-474528
-36250
-47204
-172491
1289743
-36679
-330026
-5113880
-526996
-1853102
-307597
-1376825
-6653581
-554905
-362070
-5378115
-795179
-731897
-288409
-1500
65057
-344247
-13630
13957
-68397
-73240
-54000
-1101137
-105694
-27801
-367252
-189794
-3350593
96393
-56152
-3382864
-525267
-207488
-30711
-4513325
-31734
-288258
-115566
-3915723
-18459
-357529
-390045
-10228
-137804
1036290
-1646734
-2803198
336222
-1281171
2276538
11139107
-14925
-30953
-1721384
-421853
170209
-12777
43403
-91575
-14344
-1435856
-4275977
-4487441
-1195686
-1676018
-2188
195574
-289522
-729238
-1488637
-68532
-137161
-1215390
-2201213
-145778
3976858
-935334
-1988613
26542049
568872
-2227
-1543466
-1788081
-2758077
3016
-21783
