9	249	28350
9	215	33725
9	225	11372
9	226	19550
9	211	1573
9	202	75720
9	184	1425
9	170	69300
9	159	27280
9	147	8110
9	144	29290
9	137	1334
9	114	9000
9	105	108
9	59	45690
9	58	3147
9	46	4070
9	44	172887
9	40	16339
9	21	3444210
9	19	14337
9	255	544
10	249	936543
10	237	1339904
10	236	4875
10	215	186751
10	225	285330
10	216	478288
10	206	627151
10	38	122129
10	202	80993
10	25	14344
10	194	121009
10	117	956792
10	171	158346
10	165	338
10	221	148548
10	159	355
10	156	286793
10	153	31711
10	28	205036
10	144	115355
10	143	44300
10	137	57360
10	134	25
10	131	809566
10	130	16000
10	121	3901
10	118	288408
10	110	1074399
10	106	189129
10	103	246747
10	102	61357
10	101	3706817
10	100	313417
10	66	153676
10	238	2437
10	59	592715
10	72	2325
10	351	1013961
10	115	22610
10	255	44
10	16	813791
10	4	33000
11	225	35
11	226	0
11	223	3
11	154	1500
11	211	42725
11	203	7
11	202	0
11	198	8012
11	150	14583
11	134	0
11	256	1
11	106	498735
11	104	280
11	84	12394
11	53	0
11	255	1311
11	1	0
27	249	2077
27	237	51688
27	223	4948
27	222	15956
27	154	973
27	203	744258
27	117	226629
27	174	91087
27	171	25014
27	150	7209
27	143	6500
27	131	1705
27	121	4294
27	106	313480
27	105	33174
27	84	132721
27	238	137626
27	59	13846
27	72	50185
27	50	10155
27	255	35
27	16	104992
27	3	49
33	237	1245
33	236	876753
33	215	37500
33	225	199551
33	222	77273
33	220	11
33	217	23001
33	216	137457
33	211	24076
33	206	386690
33	38	1003367
33	203	28502
33	202	180684
33	195	32411
33	194	606085
33	117	853896
33	174	21538
33	171	352195
33	170	778018
33	221	21315
33	162	168
33	159	202221
33	156	1462
33	150	33060
33	147	8101
33	144	15001
33	143	529640
33	141	27
33	138	871869
33	131	135318
33	110	1082594
33	109	184396
33	106	1074060
33	103	670247
33	101	734564
33	91	47153
33	81	339856
33	59	252003
33	58	372669
33	56	18436
33	49	218161
33	107	16002
33	48	44227
33	44	519883
33	351	312618
33	40	163667
33	32	70828
33	21	376123
33	255	229918
33	16	1129061
33	4	501826
54	216	54000
54	203	83179
54	117	102978
54	174	35328
54	171	71493
54	162	25857
54	150	279110
54	106	5672
54	104	38906
54	99	14066
54	255	47512
63	203	0
63	150	0
63	114	0
63	104	0
67	203	0
67	162	0
67	150	0
67	143	0
67	256	0
67	106	0
67	104	0
67	99	0
67	255	0
68	249	693599
68	237	497
68	223	97
68	222	284300
68	217	36531
68	216	66000
68	211	87419
68	203	947990
68	198	29
68	195	389442
68	194	1
68	174	639642
68	159	200145
68	156	3
68	153	23
68	150	1637643
68	143	2047329
68	138	27000
68	137	131100
68	136	336666
68	134	14442
68	133	99694
68	131	1035
68	256	55980
68	121	3
68	110	4284
68	106	2080661
68	105	43259
68	104	28353
68	99	490
68	90	28750
68	84	178601
68	81	72190
68	74	89584
68	59	2161097
68	56	0
68	50	87618
68	49	296332
68	107	538903
68	46	65950
68	32	297677
68	35	19350
68	233	48875
68	21	43
68	53	8580
68	255	1716210
68	1	2995
68	4	4177491
68	3	49152
68	2	326
79	181	19000
79	249	135894
79	215	74777
79	225	200661
79	226	14000
79	223	124274
79	217	9000
79	211	112243
79	206	471075
79	203	162929
79	202	679960
79	198	5847
79	194	563100
79	117	52250
79	174	69054
79	221	114838
79	162	199274
79	159	29700
79	150	1737328
79	147	7000
79	144	125649
79	143	77736
79	134	11940
79	131	0
79	130	16500
79	256	12374
79	118	1
79	114	55760
79	112	230886
79	110	53
79	106	561684
79	105	69628
79	104	25242
79	102	63869
79	99	8268
79	84	50020
79	81	8300
79	73	20
79	59	120750
79	56	0
79	50	3
79	49	82563
79	351	0
79	32	7750
79	255	942227
79	16	104930
79	52	138
79	1	0
79	4	26000
97	223	36516
97	154	12779
97	211	4737
97	207	50
97	203	3980
97	198	75572
97	150	33256
97	141	74
97	106	674454
97	105	46832
97	84	181146
97	73	0
97	50	7857
97	80	207152
97	3	5338
98	223	3212
98	222	22813
98	154	11363
98	211	268
98	198	1127
98	106	126621
98	95	1140
98	84	15294
98	80	59423
98	3	23646
119	249	14979.74146
119	215	15547.83032
119	223	7675.904853
119	203	59491.25856
119	197	644.8422039
119	194	16422.64722
119	162	6822.772911
119	159	1781.019928
119	150	13656.67363
119	144	7194.555828
119	143	1928.820043
119	106	12025.16579
119	104	923.3227308
119	101	8082.497836
119	238	7574.898597
119	255	2040.098123
126	215	3104.572324
126	223	9165.019477
126	216	38.80112903
126	203	3434.502421
126	202	1023.45007
126	197	106.0403526
126	194	21593.75214
126	174	812.2530343
126	162	942.1524663
126	159	1121.457063
126	150	1062.251199
126	144	3817.774029
126	114	658.9765246
126	104	0
126	101	16.5487217
126	255	899.8166588
146	237	1642
146	223	21384
146	211	9503
146	166	7254
146	121	6179
146	106	14692
146	84	12773
146	59	10525
146	3	12441
167	211	4320
167	198	132
167	150	2600
167	106	6977
169	249	65927
169	215	19482
169	225	53297
169	226	20500
169	223	38293
169	38	2000
169	184	6000
169	143	60427
169	133	3500
169	114	27809
169	44	53972
169	32	10010
169	233	2050
169	21	646922
169	4	26101
173	237	523
173	211	9
173	203	62026
173	174	5870
173	162	47491
173	159	20854
173	150	16354
173	143	35211
173	106	541
173	104	3
173	59	61010
173	49	25300
173	21	33000
173	255	690
173	16	27340
183	237	77350
183	223	112369
183	222	4836
183	216	72000
183	211	1712
183	203	620616
183	117	162552
183	174	26250
183	171	270314
183	150	40399
183	134	1350
183	256	40
183	121	7321
183	106	365875
183	105	109026
183	103	36738
183	100	5111
183	84	35933
183	73	15504
183	238	10005
183	59	5688
183	50	14094
183	255	50509
183	16	213055
183	1	10630
183	3	7261
185	249	400844
185	237	11475
185	235	1987
185	215	194579
185	225	93030
185	226	37491
185	223	1453383
185	222	125219
185	216	113031
185	206	134492
185	38	5158
185	184	7500
185	117	66170
185	171	22750
185	221	43748
185	162	21097
185	144	22000
185	143	6001
185	141	56051
185	131	4902
185	121	189840
185	113	1500
185	114	259399
185	112	357515
185	110	34020
185	106	45576
185	105	438249
185	103	439250
185	102	344345
185	101	71847
185	100	3986
185	84	48661
185	73	361553
185	238	62770
185	59	4841447
185	72	2850
185	50	21558
185	49	96332
185	351	4294
185	21	28715
185	16	140594
185	52	124560
185	1	240772
185	3	158566
199	223	0
199	203	7177
199	198	737
199	174	571
199	150	2614
199	106	32280
199	255	24
210	222	26750
210	203	75266
210	194	205
210	174	3761
210	162	27022
210	150	23452
210	143	35861
210	110	3
210	106	0
210	99	6926
210	52	1
210	4	6600
229	237	29745.06236
229	222	39160.7105
229	216	27085.48224
229	211	0.510084411
229	203	595324.6172
229	174	156507.6696
229	171	25249.17836
229	159	1.530253234
229	150	298574.3395
229	143	36295.56637
229	136	8761.209848
229	134	22.44371409
229	106	44570.15569
229	104	106158.7677
229	99	3526.213535
229	84	2551.952309
229	50	10.71177264
229	351	0
229	255	100833.4864
229	4	12114.50477
230	249	35958
230	237	170513
230	235	240
230	215	58709
230	225	34711
230	226	32527
230	223	74112
230	222	467041
230	216	61877
230	211	919
230	206	56610
230	38	5245
230	203	45215
230	117	326707
230	171	131929
230	159	6235
230	150	4884
230	131	19162
230	121	81460
230	114	318480
230	112	155618
230	110	13001
230	106	23414
230	105	431243
230	102	57350
230	101	7960
230	100	7512
230	73	22620
230	238	193601
230	59	734564
230	116	11565
230	46	2122
230	351	14122
230	39	5898
230	16	354571
230	1	3001
230	4	2862
230	3	3300
231	249	406385
231	237	60140
231	236	661838
231	215	30578
231	225	57347
231	226	21710
231	223	191559
231	222	114429
231	220	137150
231	216	452401
231	211	17
231	207	2138
231	38	57787
231	203	241231
231	202	405526
231	197	9197
231	194	104626
231	191	30953
231	117	1528003
231	174	71132
231	171	1721657
231	170	799416
231	166	130550
231	165	9890
231	221	61596
231	159	3393424
231	157	115566
231	150	7369
231	147	7500
231	28	2452
231	144	145233
231	143	455943
231	138	2451724
231	136	13410
231	133	2500
231	131	129449
231	130	21500
231	123	13630
231	121	51249
231	114	25750
231	112	51160
231	110	3169761
231	109	177674
231	106	497591
231	105	205306
231	103	460120
231	101	564159
231	95	171351
231	91	51
231	90	7500
231	89	474528
231	86	19240
231	238	451120
231	60	233889
231	59	1562995
231	58	134582
231	56	554127
231	72	55000
231	116	6894
231	49	82500
231	48	244189
231	46	7500
231	44	698742
231	351	1027150
231	40	521887
231	39	3070
231	32	7000
231	21	482666
231	23	19685
231	255	122381
231	14	16609
231	16	109690
231	4	211937
231	2	46040
234	237	14790
234	223	73
234	159	15304
234	58	17535
234	21	494993
234	16	26177
251	181	2783
251	202	233
251	130	0
272	235	0
272	223	1
272	154	46625
272	198	119
272	150	4184
272	106	6566
272	102	75
272	238	55109
272	80	54893
272	3	2637
-1	-1	-1