-46366
-262390
-5009567
2542831
-257398
4320232
379595
-124699
-3024201
-16609
-3327438
-19685
-8580
-14337
-321468
-5506672
1029112
-50925
-22610
-393265
5962149
-19350
-8968
-701893
-2372145
-1445484
-79642
-288416
155759
-801188
-141306
1724
-60598
-110360
-572563
-527933
-10402330
-233889
-77324
-939216
-153676
-81579
17687265
-89584
-399697
2760427
-420346
-672546
-19240
-474528
-36250
-47204
-172491
568836
-36679
-330026
-5113880
-526996
-1853102
-307597
-1376825
-6653581
-554905
-362070
-5378115
-795179
-731897
-288409
-1500
118417
-344247
-13630
137525
-68397
-73240
-54000
-1101137
-105694
-27801
-367252
-189794
-3350593
89019
-56152
-3382864
-525267
-207488
-30711
-4513325
-31734
-288258
-115566
-3915723
-18459
-357529
-390045
-10228
-137804
131683
-1646734
-2803198
56312
-1281171
-1033156
8953601
-14925
-30953
-1721384
-421853
120168
-12777
4771
-91575
-14344
-1435856
-4275977
-4487441
-1195686
-1676018
-2188
124006
-289522
-729238
-1488637
-68532
-137161
-1215390
-2201213
-145778
2414297
-935334
1960109
10786231
-95174
-2227
-1543466
-1788081
-2758077
-505
-21783
